0 (0.287827, -0.287827, -0.287827) UV=(0.373799, 0.318191)
1 (0.287827, -0.287827, 0.287827) UV=(0.623613, 0.318191)
2 (-0.287827, -0.287827, -0.287827) UV=(0.123986, 0.318191)
3 (-0.287827, -0.287827, 0.287827) UV=(0.873427, 0.318191)
4 (0.288835, 0.287900, -0.288835) UV=(0.373799, 0.683609)
5 (0.288835, 0.287900, 0.288835) UV=(0.623613, 0.683609)
6 (-0.288835, 0.287900, -0.288835) UV=(0.123986, 0.683609)
7 (-0.288835, 0.287900, 0.288835) UV=(0.873427, 0.683609)
8 (0.000000, -0.500000, 0.000000) UV=(0.373458, 0.021756)
9 (0.000000, 0.500000, 0.000000) UV=(0.384783, 0.971765)
10 (0.500000, 0.000000, 0.000000) UV=(0.498706, 0.500900)
11 (0.000000, 0.000000, 0.500000) UV=(0.748520, 0.500900)
12 (-0.500000, 0.000000, 0.000000) UV=(0.998334, 0.500900)
13 (0.000000, 0.000000, -0.500000) UV=(0.248892, 0.500900)
14 (0.000000, -0.352515, -0.352515) UV=(0.248892, 0.277129)
15 (-0.352515, -0.352515, 0.000000) UV=(-0.000921, 0.277129)
16 (0.000000, -0.352515, 0.352515) UV=(0.748520, 0.277129)
17 (0.352515, -0.352515, 0.000000) UV=(0.498706, 0.277129)
18 (0.353691, 0.352788, 0.000000) UV=(0.498706, 0.724672)
19 (0.000000, 0.352788, 0.353691) UV=(0.748520, 0.724672)
20 (-0.353691, 0.352788, 0.000000) UV=(0.998334, 0.724672)
21 (0.000000, 0.352788, -0.353691) UV=(0.248892, 0.724672)
22 (0.353552, 0.000000, 0.353552) UV=(0.623613, 0.500900)
23 (0.353691, -0.000884, -0.353691) UV=(0.373799, 0.500900)
24 (-0.353552, 0.000000, 0.353552) UV=(0.873427, 0.500900)
25 (-0.353691, -0.000884, -0.353691) UV=(0.123986, 0.500900)
26 (0.240193, -0.308901, -0.308901) UV=(0.354002, 0.304814)
27 (0.170142, -0.331348, -0.331348) UV=(0.324335, 0.290564)
28 (0.088060, -0.346970, -0.346970) UV=(0.288421, 0.280647)
29 (-0.240193, -0.308901, -0.308901) UV=(0.143782, 0.304814)
30 (-0.170142, -0.331348, -0.331348) UV=(0.173450, 0.290564)
31 (-0.088060, -0.346970, -0.346970) UV=(0.209364, 0.280647)
32 (-0.308901, -0.308901, -0.240193) UV=(0.104189, 0.304814)
33 (-0.331348, -0.331348, -0.170142) UV=(0.074521, 0.290564)
34 (-0.346970, -0.346970, -0.088060) UV=(0.038607, 0.280647)
35 (-0.308901, -0.308901, 0.240193) UV=(0.893224, 0.304814)
36 (-0.331348, -0.331348, 0.170142) UV=(0.922891, 0.290564)
37 (-0.346970, -0.346970, 0.088060) UV=(0.958805, 0.280647)
38 (-0.240193, -0.308901, 0.308901) UV=(0.853630, 0.304814)
39 (-0.170142, -0.331348, 0.331348) UV=(0.823963, 0.290564)
40 (-0.088060, -0.346970, 0.346970) UV=(0.788048, 0.280647)
41 (0.240193, -0.308901, 0.308901) UV=(0.643410, 0.304814)
42 (0.170142, -0.331348, 0.331348) UV=(0.673077, 0.290564)
43 (0.088060, -0.346970, 0.346970) UV=(0.708991, 0.280647)
44 (0.308901, -0.308901, 0.240193) UV=(0.603816, 0.304814)
45 (0.331348, -0.331348, 0.170142) UV=(0.574149, 0.290564)
46 (0.346970, -0.346970, 0.088060) UV=(0.538235, 0.280647)
47 (0.308901, -0.308901, -0.240193) UV=(0.393596, 0.304814)
48 (0.331348, -0.331348, -0.170142) UV=(0.423264, 0.290564)
49 (0.346970, -0.346970, -0.088060) UV=(0.459178, 0.280647)
50 (0.309951, 0.309089, -0.240906) UV=(0.393596, 0.696987)
51 (0.332473, 0.331570, -0.170713) UV=(0.423264, 0.711237)
52 (0.348127, 0.347227, -0.088354) UV=(0.459178, 0.721153)
53 (0.309951, 0.309089, 0.240906) UV=(0.603816, 0.696987)
54 (0.332473, 0.331570, 0.170713) UV=(0.574149, 0.711237)
55 (0.348127, 0.347227, 0.088354) UV=(0.538235, 0.721153)
56 (0.240906, 0.309089, 0.309951) UV=(0.643410, 0.696987)
57 (0.170713, 0.331570, 0.332473) UV=(0.673077, 0.711237)
58 (0.088354, 0.347227, 0.348127) UV=(0.708991, 0.721153)
59 (-0.240906, 0.309089, 0.309951) UV=(0.853630, 0.696987)
60 (-0.170713, 0.331570, 0.332473) UV=(0.823963, 0.711237)
61 (-0.088354, 0.347227, 0.348127) UV=(0.788048, 0.721153)
62 (-0.309951, 0.309089, 0.240906) UV=(0.893224, 0.696987)
63 (-0.332473, 0.331570, 0.170713) UV=(0.922891, 0.711237)
64 (-0.348127, 0.347227, 0.088354) UV=(0.958805, 0.721153)
65 (-0.309951, 0.309089, -0.240906) UV=(0.104189, 0.696987)
66 (-0.332473, 0.331570, -0.170713) UV=(0.074521, 0.711237)
67 (-0.348127, 0.347227, -0.088354) UV=(0.038607, 0.721153)
68 (-0.240906, 0.309089, -0.309951) UV=(0.143782, 0.696987)
69 (-0.170713, 0.331570, -0.332473) UV=(0.173450, 0.711237)
70 (-0.088354, 0.347227, -0.348127) UV=(0.209364, 0.721153)
71 (0.240906, 0.309089, -0.309951) UV=(0.354002, 0.696987)
72 (0.170713, 0.331570, -0.332473) UV=(0.324335, 0.711237)
73 (0.088354, 0.347227, -0.348127) UV=(0.288421, 0.721153)
74 (0.308901, -0.240193, 0.308901) UV=(0.623613, 0.348428)
75 (0.331348, -0.170142, 0.331348) UV=(0.623613, 0.392897)
76 (0.346970, -0.088060, 0.346970) UV=(0.623613, 0.445000)
77 (0.309951, 0.240173, 0.309951) UV=(0.623613, 0.653373)
78 (0.332473, 0.169893, 0.332473) UV=(0.623613, 0.608904)
79 (0.348127, 0.087507, 0.348127) UV=(0.623613, 0.556800)
80 (0.309951, 0.240173, -0.309951) UV=(0.373799, 0.653373)
81 (0.332473, 0.169893, -0.332473) UV=(0.373799, 0.608904)
82 (0.348127, 0.087507, -0.348127) UV=(0.373799, 0.556800)
83 (0.308901, -0.240193, -0.308901) UV=(0.373799, 0.348428)
84 (0.331348, -0.170142, -0.331348) UV=(0.373799, 0.392897)
85 (0.346970, -0.088060, -0.346970) UV=(0.373799, 0.445000)
86 (-0.308901, -0.240193, 0.308901) UV=(0.873427, 0.348428)
87 (-0.331348, -0.170142, 0.331348) UV=(0.873427, 0.392897)
88 (-0.346970, -0.088060, 0.346970) UV=(0.873427, 0.445000)
89 (-0.309951, 0.240173, 0.309951) UV=(0.873427, 0.653373)
90 (-0.332473, 0.169893, 0.332473) UV=(0.873427, 0.608904)
91 (-0.348127, 0.087507, 0.348127) UV=(0.873427, 0.556800)
92 (-0.308901, -0.240193, -0.308901) UV=(0.123986, 0.348428)
93 (-0.331348, -0.170142, -0.331348) UV=(0.123986, 0.392897)
94 (-0.346970, -0.088060, -0.346970) UV=(0.123986, 0.445000)
95 (-0.309951, 0.240173, -0.309951) UV=(0.123986, 0.653373)
96 (-0.332473, 0.169893, -0.332473) UV=(0.123986, 0.608904)
97 (-0.348127, 0.087507, -0.348127) UV=(0.123986, 0.556800)
98 (0.000000, -0.412363, -0.280159) UV=(0.248892, 0.233575)
99 (0.000000, -0.458555, -0.195606) UV=(0.248892, 0.174340)
100 (0.000000, -0.488232, -0.100795) UV=(0.248892, 0.102047)
101 (-0.280159, -0.412363, 0.000000) UV=(-0.000921, 0.233575)
102 (-0.195606, -0.458555, 0.000000) UV=(-0.000921, 0.173344)
103 (-0.100795, -0.488232, 0.000000) UV=(-0.000921, 0.111119)
104 (0.000000, -0.412363, 0.280159) UV=(0.748520, 0.233575)
105 (0.000000, -0.458555, 0.195606) UV=(0.748520, 0.174340)
106 (0.000000, -0.488232, 0.100795) UV=(0.748520, 0.104690)
107 (0.280159, -0.412363, 0.000000) UV=(0.498706, 0.233575)
108 (0.195606, -0.458555, 0.000000) UV=(0.498706, 0.169569)
109 (0.100795, -0.488232, 0.000000) UV=(0.498706, 0.097569)
110 (0.281150, 0.412861, 0.000000) UV=(0.498706, 0.762664)
111 (0.196276, 0.459102, 0.000000) UV=(0.498706, 0.816243)
112 (0.101137, 0.488857, 0.000000) UV=(0.498706, 0.902040)
113 (0.000000, 0.412861, 0.281150) UV=(0.748520, 0.762664)
114 (0.000000, 0.459102, 0.196276) UV=(0.748520, 0.816243)
115 (0.000000, 0.488857, 0.101136) UV=(0.748657, 0.901957)
116 (-0.281150, 0.412861, 0.000000) UV=(0.998334, 0.762664)
117 (-0.196276, 0.459102, 0.000000) UV=(0.998334, 0.816243)
118 (-0.101136, 0.488857, 0.000000) UV=(0.997860, 0.899095)
119 (0.000000, 0.412861, -0.281150) UV=(0.248892, 0.762664)
120 (0.000000, 0.459102, -0.196276) UV=(0.248892, 0.816243)
121 (0.000000, 0.488857, -0.101136) UV=(0.248892, 0.902040)
122 (0.412363, -0.280159, 0.000000) UV=(0.498706, 0.323059)
123 (0.458555, -0.195606, 0.000000) UV=(0.498706, 0.376732)
124 (0.488232, -0.100795, 0.000000) UV=(0.498706, 0.436917)
125 (0.415735, 0.000000, 0.277786) UV=(0.593613, 0.500900)
126 (0.461939, 0.000000, 0.191342) UV=(0.562830, 0.500900)
127 (0.490391, 0.000000, 0.097545) UV=(0.531084, 0.500900)
128 (0.413748, 0.280222, 0.000000) UV=(0.498706, 0.678741)
129 (0.459844, 0.195459, 0.000000) UV=(0.498706, 0.625069)
130 (0.489658, 0.100297, 0.000000) UV=(0.498706, 0.564884)
131 (0.413748, -0.000884, -0.281150) UV=(0.403799, 0.500900)
132 (0.459844, -0.000884, -0.196276) UV=(0.434582, 0.500900)
133 (0.489658, -0.000884, -0.101136) UV=(0.466328, 0.500900)
134 (0.000000, -0.280159, 0.412363) UV=(0.748520, 0.323059)
135 (0.000000, -0.195606, 0.458555) UV=(0.748520, 0.376732)
136 (0.000000, -0.100795, 0.488232) UV=(0.748520, 0.436917)
137 (-0.277786, 0.000000, 0.415735) UV=(0.843427, 0.500900)
138 (-0.191342, 0.000000, 0.461939) UV=(0.812644, 0.500900)
139 (-0.097545, 0.000000, 0.490391) UV=(0.780898, 0.500900)
140 (0.000000, 0.280222, 0.413748) UV=(0.748520, 0.678741)
141 (0.000000, 0.195459, 0.459844) UV=(0.748520, 0.625069)
142 (0.000000, 0.100297, 0.489658) UV=(0.748520, 0.564884)
143 (0.277786, 0.000000, 0.415735) UV=(0.653613, 0.500900)
144 (0.191342, 0.000000, 0.461939) UV=(0.684396, 0.500900)
145 (0.097545, 0.000000, 0.490391) UV=(0.716142, 0.500900)
146 (-0.412363, -0.280159, 0.000000) UV=(0.998334, 0.323059)
147 (-0.458555, -0.195606, 0.000000) UV=(0.998334, 0.376732)
148 (-0.488232, -0.100795, 0.000000) UV=(0.998334, 0.436917)
149 (-0.413748, -0.000884, -0.281150) UV=(0.093986, 0.500900)
150 (-0.459844, -0.000884, -0.196276) UV=(0.063202, 0.500900)
151 (-0.489658, -0.000884, -0.101136) UV=(0.031457, 0.500900)
152 (-0.413748, 0.280222, 0.000000) UV=(-0.000921, 0.678741)
153 (-0.459844, 0.195459, 0.000000) UV=(-0.000921, 0.625069)
154 (-0.489658, 0.100297, 0.000000) UV=(-0.000921, 0.564884)
155 (-0.415735, 0.000000, 0.277786) UV=(0.903427, 0.500900)
156 (-0.461939, 0.000000, 0.191342) UV=(0.934210, 0.500900)
157 (-0.490391, 0.000000, 0.097545) UV=(0.965956, 0.500900)
158 (0.000000, -0.280159, -0.412363) UV=(0.248892, 0.323059)
159 (0.000000, -0.195606, -0.458555) UV=(0.248892, 0.376732)
160 (0.000000, -0.100795, -0.488232) UV=(0.248892, 0.436917)
161 (0.281150, -0.000884, -0.413748) UV=(0.343800, 0.500900)
162 (0.196276, -0.000884, -0.459844) UV=(0.313016, 0.500900)
163 (0.101136, -0.000884, -0.489658) UV=(0.281270, 0.500900)
164 (0.000000, 0.280222, -0.413748) UV=(0.248892, 0.678741)
165 (0.000000, 0.195459, -0.459844) UV=(0.248892, 0.625069)
166 (0.000000, 0.100297, -0.489658) UV=(0.248892, 0.564884)
167 (-0.281150, -0.000884, -0.413748) UV=(0.153985, 0.500900)
168 (-0.196276, -0.000884, -0.459844) UV=(0.184769, 0.500900)
169 (-0.101136, -0.000884, -0.489658) UV=(0.216515, 0.500900)
170 (0.248503, -0.353586, -0.248503) UV=(0.373799, 0.283400)
171 (0.174878, -0.385237, -0.263709) UV=(0.342019, 0.250794)
172 (0.090212, -0.405581, -0.275496) UV=(0.299219, 0.237880)
173 (0.263709, -0.385237, -0.174878) UV=(0.405580, 0.250794)
174 (0.183943, -0.425278, -0.183943) UV=(0.373799, 0.214219)
175 (0.094507, -0.450264, -0.192000) UV=(0.321637, 0.185627)
176 (0.275496, -0.405581, -0.090212) UV=(0.448379, 0.237880)
177 (0.192000, -0.450264, -0.094507) UV=(0.425961, 0.175268)
178 (0.098752, -0.478569, -0.098752) UV=(0.372580, 0.133626)
179 (-0.248503, -0.353586, -0.248503) UV=(0.123986, 0.283400)
180 (-0.263709, -0.385237, -0.174878) UV=(0.092205, 0.250794)
181 (-0.275496, -0.405581, -0.090212) UV=(0.049406, 0.237880)
182 (-0.174878, -0.385237, -0.263709) UV=(0.155766, 0.250794)
183 (-0.183943, -0.425278, -0.183943) UV=(0.123986, 0.209653)
184 (-0.192000, -0.450264, -0.094507) UV=(0.071823, 0.185920)
185 (-0.090212, -0.405581, -0.275496) UV=(0.198565, 0.237880)
186 (-0.094507, -0.450264, -0.192000) UV=(0.176148, 0.184810)
187 (-0.098752, -0.478569, -0.098752) UV=(0.125205, 0.142172)
188 (-0.248503, -0.353586, 0.248503) UV=(0.873427, 0.283400)
189 (-0.174878, -0.385237, 0.263709) UV=(0.841646, 0.250794)
190 (-0.090212, -0.405581, 0.275496) UV=(0.798847, 0.237880)
191 (-0.263709, -0.385237, 0.174878) UV=(0.905208, 0.250794)
192 (-0.183943, -0.425278, 0.183943) UV=(0.873427, 0.209653)
193 (-0.094507, -0.450264, 0.192000) UV=(0.821265, 0.181853)
194 (-0.275496, -0.405581, 0.090212) UV=(0.948007, 0.237880)
195 (-0.192000, -0.450264, 0.094507) UV=(0.925589, 0.185920)
196 (-0.098752, -0.478569, 0.098752) UV=(0.881960, 0.139528)
197 (0.248503, -0.353586, 0.248503) UV=(0.623613, 0.283400)
198 (0.263709, -0.385237, 0.174878) UV=(0.591833, 0.250794)
199 (0.275496, -0.405581, 0.090212) UV=(0.549033, 0.237880)
200 (0.174878, -0.385237, 0.263709) UV=(0.655394, 0.250794)
201 (0.183943, -0.425278, 0.183943) UV=(0.623613, 0.214219)
202 (0.192000, -0.450264, 0.094507) UV=(0.571451, 0.180770)
203 (0.090212, -0.405581, 0.275496) UV=(0.698193, 0.237880)
204 (0.094507, -0.450264, 0.192000) UV=(0.675775, 0.183082)
205 (0.098752, -0.478569, 0.098752) UV=(0.615080, 0.132108)
206 (0.249236, 0.353860, -0.249236) UV=(0.373799, 0.725353)
207 (0.264644, 0.385637, -0.175457) UV=(0.405580, 0.745444)
208 (0.276475, 0.406079, -0.090519) UV=(0.448379, 0.758358)
209 (0.175457, 0.385637, -0.264644) UV=(0.342019, 0.745444)
210 (0.184567, 0.425781, -0.184567) UV=(0.373799, 0.770862)
211 (0.192636, 0.450811, -0.094821) UV=(0.425961, 0.810544)
212 (0.090519, 0.406079, -0.276475) UV=(0.299219, 0.758358)
213 (0.094821, 0.450811, -0.192636) UV=(0.321637, 0.810544)
214 (0.099088, 0.479199, -0.099088) UV=(0.373799, 0.870621)
215 (0.249236, 0.353860, 0.249236) UV=(0.623613, 0.725353)
216 (0.175457, 0.385637, 0.264644) UV=(0.655394, 0.745444)
217 (0.090519, 0.406079, 0.276475) UV=(0.698193, 0.758358)
218 (0.264644, 0.385637, 0.175457) UV=(0.591833, 0.745444)
219 (0.184567, 0.425781, 0.184567) UV=(0.623613, 0.770862)
220 (0.094821, 0.450811, 0.192636) UV=(0.675775, 0.810544)
221 (0.276475, 0.406079, 0.090519) UV=(0.549033, 0.758358)
222 (0.192636, 0.450811, 0.094821) UV=(0.571451, 0.810544)
223 (0.099088, 0.479199, 0.099088) UV=(0.623613, 0.870621)
224 (-0.249236, 0.353860, 0.249236) UV=(0.873427, 0.725353)
225 (-0.264644, 0.385637, 0.175457) UV=(0.905208, 0.745444)
226 (-0.276475, 0.406079, 0.090519) UV=(0.948007, 0.758358)
227 (-0.175457, 0.385637, 0.264644) UV=(0.841646, 0.745444)
228 (-0.184567, 0.425781, 0.184567) UV=(0.873427, 0.770862)
229 (-0.192636, 0.450811, 0.094821) UV=(0.925589, 0.810544)
230 (-0.090519, 0.406079, 0.276475) UV=(0.798847, 0.758358)
231 (-0.094821, 0.450811, 0.192636) UV=(0.821265, 0.810544)
232 (-0.099088, 0.479199, 0.099088) UV=(0.873427, 0.876644)
233 (-0.249236, 0.353860, -0.249236) UV=(0.123986, 0.725353)
234 (-0.175457, 0.385637, -0.264644) UV=(0.155766, 0.745444)
235 (-0.090519, 0.406079, -0.276475) UV=(0.198565, 0.758358)
236 (-0.264644, 0.385637, -0.175457) UV=(0.092205, 0.745444)
237 (-0.184567, 0.425781, -0.184567) UV=(0.123986, 0.770862)
238 (-0.094821, 0.450811, -0.192636) UV=(0.176148, 0.810544)
239 (-0.276475, 0.406079, -0.090519) UV=(0.049406, 0.758358)
240 (-0.192636, 0.450811, -0.094821) UV=(0.071823, 0.810544)
241 (-0.099088, 0.479199, -0.099088) UV=(0.123986, 0.870621)
242 (0.353586, -0.248503, -0.248503) UV=(0.401279, 0.343153)
243 (0.385237, -0.263709, -0.174878) UV=(0.430935, 0.333502)
244 (0.405581, -0.275496, -0.090212) UV=(0.463899, 0.326019)
245 (0.385237, -0.174879, -0.263709) UV=(0.403241, 0.389889)
246 (0.425278, -0.183943, -0.183943) UV=(0.433784, 0.384136)
247 (0.450264, -0.192000, -0.094507) UV=(0.465803, 0.379021)
248 (0.405581, -0.090212, -0.275496) UV=(0.403814, 0.443635)
249 (0.450264, -0.094507, -0.192000) UV=(0.434603, 0.440908)
250 (0.478569, -0.098752, -0.098752) UV=(0.466343, 0.438214)
251 (0.353586, -0.248503, 0.248503) UV=(0.596133, 0.343153)
252 (0.385237, -0.174879, 0.263709) UV=(0.594171, 0.389889)
253 (0.405581, -0.090212, 0.275496) UV=(0.593599, 0.443635)
254 (0.385237, -0.263709, 0.174878) UV=(0.566477, 0.333502)
255 (0.425278, -0.183943, 0.183943) UV=(0.563629, 0.384136)
256 (0.450264, -0.094507, 0.192000) UV=(0.562809, 0.440908)
257 (0.405581, -0.275496, 0.090212) UV=(0.533514, 0.326019)
258 (0.450264, -0.192000, 0.094507) UV=(0.531610, 0.379021)
259 (0.478569, -0.098752, 0.098752) UV=(0.531069, 0.438214)
260 (0.354751, 0.248503, 0.249236) UV=(0.596133, 0.658648)
261 (0.386509, 0.263748, 0.175457) UV=(0.566477, 0.668299)
262 (0.406968, 0.275552, 0.090519) UV=(0.533514, 0.675782)
263 (0.386509, 0.174652, 0.264644) UV=(0.594171, 0.611911)
264 (0.426504, 0.183743, 0.184567) UV=(0.563629, 0.617665)
265 (0.451553, 0.191842, 0.094821) UV=(0.531610, 0.622780)
266 (0.406968, 0.089677, 0.276475) UV=(0.593599, 0.558166)
267 (0.451553, 0.093983, 0.192636) UV=(0.562809, 0.560893)
268 (0.479956, 0.098238, 0.099088) UV=(0.531069, 0.563587)
269 (0.354751, 0.248503, -0.249236) UV=(0.401279, 0.658648)
270 (0.386509, 0.174652, -0.264644) UV=(0.403241, 0.611911)
271 (0.406968, 0.089677, -0.276475) UV=(0.403814, 0.558166)
272 (0.386509, 0.263748, -0.175457) UV=(0.430935, 0.668299)
273 (0.426504, 0.183743, -0.184567) UV=(0.433784, 0.617665)
274 (0.451553, 0.093983, -0.192636) UV=(0.434603, 0.560893)
275 (0.406968, 0.275552, -0.090519) UV=(0.463899, 0.675782)
276 (0.451553, 0.191842, -0.094821) UV=(0.465803, 0.622780)
277 (0.479956, 0.098238, -0.099088) UV=(0.466343, 0.563587)
278 (0.248503, -0.248503, 0.353586) UV=(0.651093, 0.343153)
279 (0.174879, -0.263709, 0.385237) UV=(0.680749, 0.333502)
280 (0.090212, -0.275496, 0.405581) UV=(0.713713, 0.326019)
281 (0.263709, -0.174879, 0.385237) UV=(0.653055, 0.389889)
282 (0.183943, -0.183943, 0.425278) UV=(0.683597, 0.384136)
283 (0.094507, -0.192000, 0.450264) UV=(0.715617, 0.379021)
284 (0.275496, -0.090212, 0.405581) UV=(0.653627, 0.443635)
285 (0.192000, -0.094507, 0.450264) UV=(0.684417, 0.440908)
286 (0.098752, -0.098752, 0.478569) UV=(0.716157, 0.438214)
287 (-0.248503, -0.248503, 0.353586) UV=(0.845947, 0.343153)
288 (-0.263709, -0.174878, 0.385237) UV=(0.843985, 0.389889)
289 (-0.275496, -0.090212, 0.405581) UV=(0.843413, 0.443635)
290 (-0.174878, -0.263709, 0.385237) UV=(0.816291, 0.333502)
291 (-0.183943, -0.183943, 0.425278) UV=(0.813443, 0.384136)
292 (-0.192000, -0.094507, 0.450264) UV=(0.812623, 0.440908)
293 (-0.090212, -0.275496, 0.405581) UV=(0.783327, 0.326019)
294 (-0.094507, -0.192000, 0.450264) UV=(0.781423, 0.379021)
295 (-0.098752, -0.098752, 0.478569) UV=(0.780883, 0.438214)
296 (-0.249236, 0.248503, 0.354751) UV=(0.845947, 0.658648)
297 (-0.175457, 0.263748, 0.386509) UV=(0.816291, 0.668299)
298 (-0.090519, 0.275552, 0.406968) UV=(0.783327, 0.675782)
299 (-0.264644, 0.174653, 0.386509) UV=(0.843985, 0.611911)
300 (-0.184567, 0.183743, 0.426504) UV=(0.813443, 0.617665)
301 (-0.094821, 0.191842, 0.451553) UV=(0.781423, 0.622780)
302 (-0.276475, 0.089677, 0.406968) UV=(0.843413, 0.558166)
303 (-0.192636, 0.093983, 0.451553) UV=(0.812623, 0.560893)
304 (-0.099088, 0.098238, 0.479956) UV=(0.780883, 0.563587)
305 (0.249236, 0.248503, 0.354751) UV=(0.651093, 0.658648)
306 (0.264644, 0.174653, 0.386509) UV=(0.653055, 0.611911)
307 (0.276475, 0.089677, 0.406968) UV=(0.653627, 0.558166)
308 (0.175457, 0.263748, 0.386509) UV=(0.680749, 0.668299)
309 (0.184567, 0.183743, 0.426504) UV=(0.683597, 0.617665)
310 (0.192636, 0.093983, 0.451553) UV=(0.684417, 0.560893)
311 (0.090519, 0.275552, 0.406968) UV=(0.713713, 0.675782)
312 (0.094821, 0.191842, 0.451553) UV=(0.715617, 0.622780)
313 (0.099088, 0.098238, 0.479956) UV=(0.716157, 0.563587)
314 (-0.353586, -0.248503, 0.248503) UV=(0.900906, 0.343153)
315 (-0.385237, -0.263709, 0.174879) UV=(0.930563, 0.333502)
316 (-0.405581, -0.275496, 0.090212) UV=(0.963526, 0.326019)
317 (-0.385237, -0.174878, 0.263709) UV=(0.902869, 0.389889)
318 (-0.425278, -0.183943, 0.183943) UV=(0.933411, 0.384136)
319 (-0.450264, -0.192000, 0.094507) UV=(0.965431, 0.379021)
320 (-0.405581, -0.090212, 0.275496) UV=(0.903441, 0.443635)
321 (-0.450264, -0.094507, 0.192000) UV=(0.934231, 0.440908)
322 (-0.478569, -0.098752, 0.098752) UV=(0.965971, 0.438214)
323 (-0.353586, -0.248503, -0.248503) UV=(0.096506, 0.343153)
324 (-0.385237, -0.174878, -0.263709) UV=(0.094543, 0.389889)
325 (-0.405581, -0.090212, -0.275496) UV=(0.093971, 0.443635)
326 (-0.385237, -0.263709, -0.174878) UV=(0.066850, 0.333502)
327 (-0.425278, -0.183943, -0.183943) UV=(0.064001, 0.384136)
328 (-0.450264, -0.094507, -0.192000) UV=(0.063182, 0.440908)
329 (-0.405581, -0.275496, -0.090212) UV=(0.033886, 0.326019)
330 (-0.450264, -0.192000, -0.094507) UV=(0.031982, 0.379021)
331 (-0.478569, -0.098752, -0.098752) UV=(0.031441, 0.438214)
332 (-0.354751, 0.248503, -0.249236) UV=(0.096506, 0.658648)
333 (-0.386509, 0.263748, -0.175457) UV=(0.066850, 0.668299)
334 (-0.406968, 0.275552, -0.090519) UV=(0.033886, 0.675782)
335 (-0.386509, 0.174653, -0.264644) UV=(0.094543, 0.611911)
336 (-0.426504, 0.183743, -0.184567) UV=(0.064001, 0.617665)
337 (-0.451553, 0.191842, -0.094821) UV=(0.031982, 0.622780)
338 (-0.406968, 0.089677, -0.276475) UV=(0.093971, 0.558166)
339 (-0.451553, 0.093983, -0.192636) UV=(0.063182, 0.560893)
340 (-0.479956, 0.098238, -0.099088) UV=(0.031441, 0.563587)
341 (-0.354751, 0.248503, 0.249236) UV=(0.900906, 0.658648)
342 (-0.386509, 0.174653, 0.264644) UV=(0.902869, 0.611911)
343 (-0.406968, 0.089677, 0.276475) UV=(0.903441, 0.558166)
344 (-0.386509, 0.263748, 0.175457) UV=(0.930563, 0.668299)
345 (-0.426504, 0.183743, 0.184567) UV=(0.933411, 0.617665)
346 (-0.451553, 0.093983, 0.192636) UV=(0.934231, 0.560893)
347 (-0.406968, 0.275552, 0.090519) UV=(0.963526, 0.675782)
348 (-0.451553, 0.191842, 0.094821) UV=(0.965431, 0.622780)
349 (-0.479956, 0.098238, 0.099088) UV=(0.965971, 0.563587)
350 (-0.248503, -0.248503, -0.353586) UV=(0.151465, 0.343153)
351 (-0.174879, -0.263709, -0.385237) UV=(0.181122, 0.333502)
352 (-0.090212, -0.275496, -0.405581) UV=(0.214085, 0.326019)
353 (-0.263709, -0.174878, -0.385237) UV=(0.153428, 0.389889)
354 (-0.183943, -0.183943, -0.425278) UV=(0.183970, 0.384136)
355 (-0.094507, -0.192000, -0.450264) UV=(0.215989, 0.379021)
356 (-0.275496, -0.090212, -0.405581) UV=(0.154000, 0.443635)
357 (-0.192000, -0.094507, -0.450264) UV=(0.184789, 0.440908)
358 (-0.098752, -0.098752, -0.478569) UV=(0.216530, 0.438214)
359 (0.248503, -0.248503, -0.353586) UV=(0.346320, 0.343153)
360 (0.263709, -0.174879, -0.385237) UV=(0.344357, 0.389889)
361 (0.275496, -0.090212, -0.405581) UV=(0.343785, 0.443635)
362 (0.174878, -0.263709, -0.385237) UV=(0.316663, 0.333502)
363 (0.183943, -0.183943, -0.425278) UV=(0.313815, 0.384136)
364 (0.192000, -0.094507, -0.450264) UV=(0.312995, 0.440908)
365 (0.090212, -0.275496, -0.405581) UV=(0.283700, 0.326019)
366 (0.094507, -0.192000, -0.450264) UV=(0.281796, 0.379021)
367 (0.098752, -0.098752, -0.478569) UV=(0.281255, 0.438214)
368 (0.249236, 0.248503, -0.354751) UV=(0.346320, 0.658648)
369 (0.175457, 0.263748, -0.386509) UV=(0.316663, 0.668299)
370 (0.090519, 0.275552, -0.406968) UV=(0.283700, 0.675782)
371 (0.264644, 0.174653, -0.386509) UV=(0.344357, 0.611911)
372 (0.184567, 0.183743, -0.426504) UV=(0.313815, 0.617665)
373 (0.094821, 0.191842, -0.451553) UV=(0.281796, 0.622780)
374 (0.276475, 0.089677, -0.406968) UV=(0.343785, 0.558166)
375 (0.192636, 0.093983, -0.451553) UV=(0.312995, 0.560893)
376 (0.099088, 0.098238, -0.479956) UV=(0.281255, 0.563587)
377 (-0.249236, 0.248503, -0.354751) UV=(0.151465, 0.658648)
378 (-0.264644, 0.174653, -0.386509) UV=(0.153428, 0.611911)
379 (-0.276475, 0.089677, -0.406968) UV=(0.154000, 0.558166)
380 (-0.175457, 0.263748, -0.386509) UV=(0.181122, 0.668299)
381 (-0.184567, 0.183743, -0.426504) UV=(0.183970, 0.617665)
382 (-0.192636, 0.093983, -0.451553) UV=(0.184789, 0.560893)
383 (-0.090519, 0.275552, -0.406968) UV=(0.214085, 0.675782)
384 (-0.094821, 0.191842, -0.451553) UV=(0.215989, 0.622780)
385 (-0.099088, 0.098238, -0.479956) UV=(0.216530, 0.563587)
386 (0.100795, -0.488232, 0.000000) UV=(0.498706, 0.097569)
387 (0.000000, -0.500000, 0.000000) UV=(0.373458, 0.021756)
388 (0.000000, -0.500000, 0.000000) UV=(0.119418, 0.021756)
389 (-0.352515, -0.352515, 0.000000) UV=(0.998334, 0.277129)
390 (-0.280159, -0.412363, 0.000000) UV=(0.998334, 0.233575)
391 (-0.195606, -0.458555, 0.000000) UV=(0.998334, 0.173344)
392 (-0.100795, -0.488232, 0.000000) UV=(0.998334, 0.103510)
393 (0.000000, -0.500000, 0.000000) UV=(0.873917, 0.020380)
394 (0.000000, -0.500000, 0.000000) UV=(0.873917, 0.020380)
395 (0.000000, -0.500000, 0.000000) UV=(0.622417, 0.017629)
396 (0.100795, -0.488232, 0.000000) UV=(0.498706, 0.097569)
397 (0.000000, 0.500000, 0.000000) UV=(0.384783, 0.971765)
398 (0.000000, 0.500000, 0.000000) UV=(0.619770, 0.975891)
399 (0.000000, 0.500000, 0.000000) UV=(0.875080, 0.973140)
400 (0.000000, 0.500000, 0.000000) UV=(0.875080, 0.973140)
401 (-0.353691, 0.352788, 0.000000) UV=(-0.000921, 0.724672)
402 (-0.281150, 0.412861, 0.000000) UV=(-0.000921, 0.762664)
403 (-0.196276, 0.459102, 0.000000) UV=(-0.000921, 0.816243)
404 (-0.101136, 0.488857, 0.000000) UV=(-0.000921, 0.902040)
405 (0.000000, 0.500000, 0.000000) UV=(0.129473, 0.971765)
406 (0.287827, -0.287827, -0.287827) UV=(0.373799, 0.318191)
407 (0.308901, -0.308901, -0.240193) UV=(0.393596, 0.304814)
408 (0.331348, -0.331348, -0.170142) UV=(0.423264, 0.290564)
409 (0.346970, -0.346970, -0.088060) UV=(0.459178, 0.280647)
410 (0.352515, -0.352515, 0.000000) UV=(0.498706, 0.277129)
411 (0.308901, -0.308901, 0.240193) UV=(0.603816, 0.304814)
412 (0.287827, -0.287827, 0.287827) UV=(0.623613, 0.318191)
413 (0.331348, -0.331348, 0.170142) UV=(0.574149, 0.290564)
414 (0.346970, -0.346970, 0.088060) UV=(0.538235, 0.280647)
415 (0.288835, 0.287900, 0.288835) UV=(0.623613, 0.683609)
416 (0.309951, 0.309089, 0.240906) UV=(0.603816, 0.696987)
417 (0.332473, 0.331570, 0.170713) UV=(0.574149, 0.711237)
418 (0.348127, 0.347227, 0.088354) UV=(0.538235, 0.721153)
419 (0.353691, 0.352788, 0.000000) UV=(0.498706, 0.724672)
420 (0.309951, 0.309089, -0.240906) UV=(0.393596, 0.696987)
421 (0.288835, 0.287900, -0.288835) UV=(0.373799, 0.683609)
422 (0.332473, 0.331570, -0.170713) UV=(0.423264, 0.711237)
423 (0.348127, 0.347227, -0.088354) UV=(0.459178, 0.721153)
424 (0.287827, -0.287827, 0.287827) UV=(0.623613, 0.318191)
425 (0.308901, -0.240193, 0.308901) UV=(0.623613, 0.348428)
426 (0.240193, -0.308901, 0.308901) UV=(0.643410, 0.304814)
427 (0.170142, -0.331348, 0.331348) UV=(0.673077, 0.290564)
428 (0.088060, -0.346970, 0.346970) UV=(0.708991, 0.280647)
429 (0.000000, -0.352515, 0.352515) UV=(0.748520, 0.277129)
430 (0.331348, -0.170142, 0.331348) UV=(0.623613, 0.392897)
431 (0.346970, -0.088060, 0.346970) UV=(0.623613, 0.445000)
432 (0.353552, 0.000000, 0.353552) UV=(0.623613, 0.500900)
433 (-0.240193, -0.308901, 0.308901) UV=(0.853630, 0.304814)
434 (-0.287827, -0.287827, 0.287827) UV=(0.873427, 0.318191)
435 (-0.170142, -0.331348, 0.331348) UV=(0.823963, 0.290564)
436 (-0.088060, -0.346970, 0.346970) UV=(0.788048, 0.280647)
437 (-0.288835, 0.287900, 0.288835) UV=(0.873427, 0.683609)
438 (-0.240906, 0.309089, 0.309951) UV=(0.853630, 0.696987)
439 (-0.170713, 0.331570, 0.332473) UV=(0.823963, 0.711237)
440 (-0.088354, 0.347227, 0.348127) UV=(0.788048, 0.721153)
441 (0.000000, 0.352788, 0.353691) UV=(0.748520, 0.724672)
442 (0.240906, 0.309089, 0.309951) UV=(0.643410, 0.696987)
443 (0.309951, 0.240173, 0.309951) UV=(0.623613, 0.653373)
444 (0.288835, 0.287900, 0.288835) UV=(0.623613, 0.683609)
445 (0.332473, 0.169893, 0.332473) UV=(0.623613, 0.608904)
446 (0.348127, 0.087507, 0.348127) UV=(0.623613, 0.556800)
447 (0.170713, 0.331570, 0.332473) UV=(0.673077, 0.711237)
448 (0.088354, 0.347227, 0.348127) UV=(0.708991, 0.721153)
449 (-0.287827, -0.287827, 0.287827) UV=(0.873427, 0.318191)
450 (-0.308901, -0.240193, 0.308901) UV=(0.873427, 0.348428)
451 (-0.308901, -0.308901, 0.240193) UV=(0.893224, 0.304814)
452 (-0.331348, -0.331348, 0.170142) UV=(0.922891, 0.290564)
453 (-0.346970, -0.346970, 0.088060) UV=(0.958805, 0.280647)
454 (-0.352515, -0.352515, 0.000000) UV=(0.998334, 0.277129)
455 (-0.331348, -0.170142, 0.331348) UV=(0.873427, 0.392897)
456 (-0.346970, -0.088060, 0.346970) UV=(0.873427, 0.445000)
457 (-0.353552, 0.000000, 0.353552) UV=(0.873427, 0.500900)
458 (-0.308901, -0.308901, -0.240193) UV=(0.104189, 0.304814)
459 (-0.287827, -0.287827, -0.287827) UV=(0.123986, 0.318191)
460 (-0.331348, -0.331348, -0.170142) UV=(0.074521, 0.290564)
461 (-0.346970, -0.346970, -0.088060) UV=(0.038607, 0.280647)
462 (-0.352515, -0.352515, 0.000000) UV=(-0.000921, 0.277129)
463 (-0.412363, -0.280159, 0.000000) UV=(-0.000921, 0.323059)
464 (-0.458555, -0.195606, 0.000000) UV=(-0.000921, 0.376732)
465 (-0.488232, -0.100795, 0.000000) UV=(-0.000921, 0.436917)
466 (-0.500000, 0.000000, 0.000000) UV=(-0.000921, 0.500900)
467 (-0.288835, 0.287900, -0.288835) UV=(0.123986, 0.683609)
468 (-0.309951, 0.309089, -0.240906) UV=(0.104189, 0.696987)
469 (-0.332473, 0.331570, -0.170713) UV=(0.074521, 0.711237)
470 (-0.348127, 0.347227, -0.088354) UV=(0.038607, 0.721153)
471 (-0.353691, 0.352788, 0.000000) UV=(-0.000921, 0.724672)
472 (-0.309951, 0.309089, 0.240906) UV=(0.893224, 0.696987)
473 (-0.309951, 0.240173, 0.309951) UV=(0.873427, 0.653373)
474 (-0.288835, 0.287900, 0.288835) UV=(0.873427, 0.683609)
475 (-0.332473, 0.169893, 0.332473) UV=(0.873427, 0.608904)
476 (-0.348127, 0.087507, 0.348127) UV=(0.873427, 0.556800)
477 (-0.332473, 0.331570, 0.170713) UV=(0.922891, 0.711237)
478 (-0.348127, 0.347227, 0.088354) UV=(0.958805, 0.721153)
479 (-0.353691, 0.352788, 0.000000) UV=(0.998334, 0.724672)
480 (-0.413748, 0.280222, 0.000000) UV=(0.998334, 0.678741)
481 (-0.459844, 0.195459, 0.000000) UV=(0.998334, 0.625069)
482 (-0.489658, 0.100297, 0.000000) UV=(0.998334, 0.564884)
483 (-0.287827, -0.287827, -0.287827) UV=(0.123986, 0.318191)
484 (-0.308901, -0.240193, -0.308901) UV=(0.123986, 0.348428)
485 (-0.240193, -0.308901, -0.308901) UV=(0.143782, 0.304814)
486 (-0.170142, -0.331348, -0.331348) UV=(0.173450, 0.290564)
487 (-0.088060, -0.346970, -0.346970) UV=(0.209364, 0.280647)
488 (0.000000, -0.352515, -0.352515) UV=(0.248892, 0.277129)
489 (-0.331348, -0.170142, -0.331348) UV=(0.123986, 0.392897)
490 (-0.346970, -0.088060, -0.346970) UV=(0.123986, 0.445000)
491 (-0.353691, -0.000884, -0.353691) UV=(0.123986, 0.500900)
492 (0.240193, -0.308901, -0.308901) UV=(0.354002, 0.304814)
493 (0.308901, -0.240193, -0.308901) UV=(0.373799, 0.348428)
494 (0.287827, -0.287827, -0.287827) UV=(0.373799, 0.318191)
495 (0.331348, -0.170142, -0.331348) UV=(0.373799, 0.392897)
496 (0.346970, -0.088060, -0.346970) UV=(0.373799, 0.445000)
497 (0.353691, -0.000884, -0.353691) UV=(0.373799, 0.500900)
498 (0.170142, -0.331348, -0.331348) UV=(0.324335, 0.290564)
499 (0.088060, -0.346970, -0.346970) UV=(0.288421, 0.280647)
500 (0.288835, 0.287900, -0.288835) UV=(0.373799, 0.683609)
501 (0.309951, 0.240173, -0.309951) UV=(0.373799, 0.653373)
502 (0.240906, 0.309089, -0.309951) UV=(0.354002, 0.696987)
503 (0.170713, 0.331570, -0.332473) UV=(0.324335, 0.711237)
504 (0.088354, 0.347227, -0.348127) UV=(0.288421, 0.721153)
505 (0.000000, 0.352788, -0.353691) UV=(0.248892, 0.724672)
506 (0.332473, 0.169893, -0.332473) UV=(0.373799, 0.608904)
507 (0.348127, 0.087507, -0.348127) UV=(0.373799, 0.556800)
508 (-0.240906, 0.309089, -0.309951) UV=(0.143782, 0.696987)
509 (-0.309951, 0.240173, -0.309951) UV=(0.123986, 0.653373)
510 (-0.288835, 0.287900, -0.288835) UV=(0.123986, 0.683609)
511 (-0.332473, 0.169893, -0.332473) UV=(0.123986, 0.608904)
512 (-0.348127, 0.087507, -0.348127) UV=(0.123986, 0.556800)
513 (-0.170713, 0.331570, -0.332473) UV=(0.173450, 0.711237)
514 (-0.088354, 0.347227, -0.348127) UV=(0.209364, 0.721153)
